52,5.74
56,4.35
58,5.25
61,3.08
67,4.57
74,3.79
80,2.48
83,2.84
83,3.08
84,0.87
85,8.47
98,8.33
100,4.86
102,8.59
109,1.66
119,0.43
119,0.64
120,4.77
121,9.80
129,3.40
130,5.29
131,0.87
131,4.43
142,6.26
148,1.45
152,5.86
160,7.35
163,3.87
167,4.13
170,3.31
177,7.99
180,8.02
182,2.45
183,6.55
184,4.60
187,2.06
188,1.18
192,4.50
194,2.04
194,6.82
197,6.22
207,3.28
209,6.44
210,8.98
212,2.68
212,6.65
215,7.70
217,2.65
218,6.00
220,5.64
222,4.43
226,3.71
228,3.11
229,4.38
233,6.84
234,4.07
236,4.12
247,5.48
247,7.01
250,5.99
253,2.40
257,9.02
260,5.23
262,3.60
263,3.13
263,8.22
270,2.25
273,3.57
273,3.90
279,6.74
282,4.13
285,2.57
286,3.16
288,6.10
289,0.82
291,9.89
299,2.27
299,6.40
310,3.07
314,8.40
319,6.81
325,1.67
328,9.01
329,5.56
332,6.92
334,3.74
335,1.47
338,1.46
347,7.43
348,6.31
352,2.78
354,2.22
356,6.08
358,2.59
359,5.56
362,8.42
363,1.46
364,1.63
367,4.23
377,9.53
378,1.55
380,9.67
381,3.80
382,3.19
384,6.38
387,6.56
390,5.82
396,5.18
397,3.28
398,4.55
399,9.61
400,6.34
412,4.33
412,5.62
418,2.48
420,9.04
421,4.52
428,6.95
429,3.08
430,3.40
430,7.70
431,1.87
435,0.74
435,5.98
435,7.67
435,9.47
437,4.95
438,1.48
439,3.62
440,4.09
440,8.41
450,9.13
463,0.35
464,9.17
465,9.31
469,2.33
475,0.95
480,9.25
481,1.86
482,8.74
483,4.42
483,5.49
489,8.77
490,7.30
492,4.65
494,7.79
494,8.69
496,5.73
499,2.28
503,9.18
507,6.63
508,1.31
509,5.96
510,2.24
512,5.08
515,9.18
516,2.77
517,4.89
517,8.25
518,1.10
518,5.56
520,9.46
525,4.94
538,2.07
542,4.97
543,3.18
543,7.99
545,6.33
546,9.66
547,1.40
554,2.25
56,10.40
567,0.69
568,3.73
571,4.78
571,8.86
57,21.23
577,4.08
581,3.47
581,9.17
585,2.89
586,4.01
588,4.04
589,8.21
592,4.93
595,7.62
596,5.27
600,8.63
601,5.92
606,4.43
607,1.64
612,0.60
614,2.43
616,7.51
620,6.72
626,7.59
627,7.38
633,1.42
633,4.79
634,4.13
639,0.45
639,4.50
643,8.52
654,0.66
663,7.79
667,4.82
675,7.91
675,9.53
677,6.23
677,9.29
678,2.56
679,2.34
680,1.86
684,9.63
685,6.91
689,1.88
689,4.48
690,3.78
690,6.36
694,0.58
694,5.47
694,8.85
698,1.19
701,1.60
704,3.61
706,1.19
707,3.40
707,3.61
713,4.10
713,8.42
713,9.30
714,1.03
714,4.05
715,9.61
72,12.63
725,5.11
729,3.51
730,2.18
731,4.51
731,8.10
734,1.37
735,5.25
736,9.97
737,9.43
739,4.72
748,5.94
760,3.08
763,4.34
766,7.69
767,2.55
767,9.26
768,1.87
768,2.13
769,1.28
772,9.30
779,9.45
78,13.28
781,4.44
782,8.40
783,7.41
784,8.97
784,9.92
788,8.50
789,4.40
796,5.43
799,5.96
803,2.26
808,5.52
812,5.98
812,8.23
814,2.07
816,5.23
818,0.49
828,7.42
830,2.27
831,9.31
833,6.79
833,8.56
834,6.93
835,3.85
840,5.19
841,1.94
841,9.21
844,2.99
847,1.72
847,5.68
847,8.40
849,3.96
849,9.87
855,4.77
859,5.40
864,5.78
865,7.04
865,9.23
879,3.76
884,1.04
884,4.16
888,1.05
90,13.27
905,1.45
909,1.36
909,7.96
91,17.70
913,1.89
915,3.61
920,2.56
921,2.27
921,3.64
922,6.27
923,6.10
927,8.43
931,9.28
939,2.56
940,1.69
944,5.46
945,9.52
951,8.49
952,8.69
958,3.87
959,7.84
960,1.67
960,9.52
962,5.55
964,7.68
965,9.16
966,8.39
971,8.94
972,7.49
972,8.78
974,9.38
975,8.90
976,6.11
977,4.34
979,6.61
979,6.77
980,0.77
98,10.46
990,0.48
991,3.01
998,3.54
1004,1.18
1005,2.11
1005,5.00
1015,8.07
1016,7.33
1023,4.70
1026,1.90
1027,7.43
1032,8.51
1033,1.39
1033,4.50
1034,6.36
1037,4.07
1037,7.40
104,10.32
1043,3.21
1046,2.30
1050,7.09
1051,4.89
1051,6.53
105,21.11
1053,6.47
1058,8.92
1063,2.40
1064,3.85
1073,2.67
1073,8.14
1076,9.75
1077,4.33
1081,2.36
1084,8.39
1089,5.19
1092,6.76
1093,9.54
1094,4.78
1097,4.31
1098,1.59
1102,4.51
1102,9.87
1104,5.19
111,15.07
1116,7.49
1121,9.80
1122,2.65
1122,3.22
1123,4.44
1123,6.26
1127,8.20
1134,6.40
1134,7.29
1137,4.61
1137,5.31
1140,8.77
1140,9.47
1141,9.54
1142,5.44
1144,7.32
1146,1.58
1146,8.58
1148,8.32
1151,0.65
1153,4.72
1154,9.72
1157,2.85
1173,3.00
1173,9.65
1175,9.13
1177,9.76
1179,5.77
1179,5.92
1180,1.93
1186,7.35
1191,4.71
1194,4.18
1196,7.76
1201,4.86
1204,7.65
1207,1.89
121,12.94
1216,8.29
1219,5.84
1219,5.93
122,12.28
1226,6.80
1226,7.07
1230,6.74
1230,9.97
1232,9.36
1236,5.38
1237,0.84
1237,6.48
1242,2.43
1242,7.63
1246,2.12
1246,4.79
1248,9.58
1249,7.25
1251,5.47
1263,4.19
1267,1.11
1267,6.47
1268,2.68
1269,0.60
1270,1.44
1273,9.91
1276,7.39
1277,3.88
1284,7.68
1288,9.34
1291,9.12
1293,4.97
1293,9.34
1300,6.25
1301,7.08
1304,1.96
1306,2.23
1308,1.62
1308,6.58
1308,8.57
1312,2.08
1312,2.25
1312,9.75
1314,0.78
1319,8.32
1320,1.47
1325,8.61
1327,7.35
1328,8.58
1334,9.36
1336,4.72
1350,8.05
1351,8.01
1352,4.10
1352,4.51
1352,9.90
1356,0.61
1359,7.92
1360,4.91
1361,2.91
1366,8.36
1368,0.73
1368,5.56
1369,3.85
1369,7.59
137,13.68
1372,8.34
1373,6.31
1374,2.78
1377,5.48
1380,2.75
1381,8.19
1384,3.70
1392,1.31
1392,3.49
1395,1.34
1400,5.45
1411,9.67
1414,4.12
1414,8.08
1420,8.00
1423,7.26
1425,2.23
1429,0.84
1429,9.49
1430,8.83
1432,1.03
1434,6.80
1435,2.29
1444,9.52
1445,9.56
1446,9.22
1447,1.16
1447,6.86
1449,0.84
1452,9.71
1458,4.33
1471,2.73
1473,4.56
1485,1.31
1486,4.86
1489,5.56
1490,1.16
1496,9.07
1499,2.15
1500,8.75
1503,9.13
1504,9.26
1506,0.47
1510,3.04
1510,4.07
1510,4.31
1519,2.04
1519,7.47
1523,1.07
1523,3.69
1525,1.11
1527,2.67
1527,5.71
1530,4.33
1535,6.00
1537,7.51
1539,3.94
1540,6.02
1543,5.88
1544,4.17
1546,6.03
1550,6.39
1552,2.39
1553,6.65
1556,6.13
1563,2.89
1565,8.93
1566,3.39
1571,2.28
1571,8.20
1572,1.41
1573,7.18
1575,8.88
1577,7.98
1582,9.51
1584,0.84
1585,3.88
1585,7.22
1590,0.48
1595,9.21
1596,7.53
1600,6.84
1601,6.96
1603,4.15
1603,6.15
1606,9.06
1608,2.57
1610,3.63
1616,1.77
1618,8.17
1618,9.83
1620,0.85
1625,7.13
1631,4.37
1631,4.68
163,15.65
1638,7.48
1640,3.38
1640,6.67
1643,5.27
1648,6.85
1650,2.69
1651,3.58
1654,0.83
1655,6.22
1664,5.47
1665,4.54
1669,1.22
1677,3.99
1678,9.61
1684,6.72
1684,9.21
1687,8.96
1693,3.79
1701,3.12
1701,8.76
1702,7.70
1706,9.40
1707,4.08
1710,5.30
1710,8.19
1712,0.47
1714,3.69
1714,3.71
1714,6.22
1717,0.46
1718,1.44
1719,2.55
1720,0.65
1721,2.94
1722,2.17
1727,0.60
1729,7.33
1730,2.64
1732,9.52
1737,7.65
1737,8.09
1738,1.47
1743,3.78
1746,3.02
1749,8.56
1749,9.60
1750,6.65
1751,0.33
175,14.32
1751,6.99
1755,9.10
1758,8.49
1759,2.70
1761,6.73
1761,8.47
1762,0.61
1766,6.90
1766,8.25
1768,8.83
1770,0.97
1770,9.69
177,15.03
1772,4.70
1772,4.91
1772,7.40
1780,9.30
1783,5.52
1785,6.47
1787,9.11
1788,8.95
1789,3.78
1791,8.89
1798,4.75
1801,3.93
1802,7.88
1807,6.54
1808,1.41
1809,2.94
1810,9.48
1812,3.62
1823,6.58
1825,6.16
1825,9.52
1831,3.84
1835,6.39
1835,6.99
1838,5.79
1846,6.51
1850,0.54
1851,2.76
1852,1.77
1853,9.98
1855,2.44
1859,5.78
1862,6.98
1864,5.82
1865,6.15
1867,1.65
1870,9.38
1872,2.53
1873,5.07
1878,7.64
1880,0.65
1880,9.90
1883,5.50
1883,9.54
1890,9.18
189,13.90
1893,7.43
1894,5.28
1894,7.57
1895,4.33
1895,7.78
1897,4.56
1897,6.29
1903,1.58
1903,2.77
1904,5.99
1910,7.39
1911,4.28
1915,8.98
1921,0.86
1923,6.84
1925,5.88
1927,5.51
1930,0.72
1931,9.75
1932,1.16
1934,3.64
1934,6.05
1935,1.41
1937,1.08
1937,5.16
1940,4.02
194,10.37
1943,3.93
1944,1.21
1946,2.90
1948,5.67
1949,4.77
1950,1.37
1958,2.37
1962,3.74
1963,3.77
1963,5.44
1970,1.59
1971,0.40
1975,9.64
1975,9.99
1977,5.67
1978,6.78
1980,9.08
1981,7.62
1984,8.42
1986,4.38
1987,2.84
1987,7.31
2000,8.32
231,13.50
235,12.79
237,10.77
247,12.73
257,13.62
273,11.16
283,10.41
310,11.72
322,20.79
334,11.40
339,10.99
344,11.39
400,10.92
402,12.59
423,10.09
497,12.33
518,11.63
521,20.64
523,10.12
524,10.51
535,11.88
555,13.35
559,15.20
586,12.74
590,15.82
602,12.31
611,13.53
624,10.43
637,10.53
670,10.93
683,10.92
684,10.17
687,17.16
690,11.75
695,14.06
698,15.28
70,264.44
713,15.89
719,11.64
719,14.19
721,10.26
721,20.13
759,10.58
76,276.11
771,10.09
775,10.14
806,11.14
815,11.74
823,12.06
832,14.06
837,15.38
860,10.07
865,10.30
867,10.89
87,256.15
885,15.29
900,10.58
913,11.96
924,10.60
924,12.16
929,15.54
96,267.47
981,10.09
988,10.80
1002,13.71
1020,19.85
1046,13.19
1059,11.13
1063,10.85
1066,11.38
1068,16.40
1084,10.92
1085,16.02
1099,10.25
1103,12.28
111,399.50
1121,13.41
1132,10.75
1137,14.15
1153,14.89
1161,10.18
1169,10.68
1174,10.81
1174,18.07
1195,14.18
1224,14.43
1231,11.18
1242,10.21
1244,11.73
1252,16.48
1284,10.29
129,300.58
1308,10.07
1339,10.43
1341,23.29
1355,10.37
1379,16.14
1386,10.96
1387,14.81
1388,21.27
1393,14.24
1400,22.31
1402,17.85
1406,11.88
1409,11.51
1416,13.70
1437,11.22
1441,10.00
1446,11.87
1446,15.89
1450,10.59
1450,11.74
1458,12.17
1462,10.59
1462,14.30
1469,20.68
1470,11.72
1474,10.24
1481,14.52
1489,18.59
1502,10.47
1503,10.10
1508,11.04
1528,10.24
1532,10.20
1540,10.71
1540,29.20
1547,14.19
1549,10.68
1564,14.93
1566,10.14
1591,11.70
1597,10.07
1597,14.90
1616,13.77
1621,12.04
1635,11.78
1639,10.12
1641,12.05
1649,10.46
1662,11.05
1684,11.58
1689,11.23
1710,10.93
1741,12.15
1748,12.83
1756,10.59
1756,11.14
1757,10.38
1764,10.44
1765,11.16
1780,14.46
1786,10.63
1817,10.50
1820,10.78
1870,10.04
1873,11.07
1875,13.82
188,279.57
1887,10.66
1896,19.36
1901,12.14
1915,11.01
1917,10.37
1944,13.29
1967,12.86
1967,26.71
197,275.55
1987,11.56
200,274.20
204,276.77
206,287.64
208,255.96
227,272.32
238,272.05
247,296.94
260,264.88
269,271.59
276,269.93
329,291.22
337,307.77
355,252.01
359,280.93
371,266.65
382,296.14
384,293.11
392,274.87
432,300.70
445,296.40
458,262.80
465,244.49
472,284.98
479,245.07
489,252.54
491,294.31
546,299.47
556,328.38
593,289.77
608,270.10
620,286.11
627,262.63
689,251.67
709,266.80
714,273.89
716,271.74
747,267.08
757,286.36
785,236.81
798,270.27
803,279.61
817,278.41
844,281.95
873,303.09
878,292.24
879,256.08
910,296.22
913,274.64
947,269.93
1011,288.70
1020,278.60
1025,313.21
1088,340.61
1091,263.63
1092,315.33
1093,273.84
1122,277.63
1136,266.84
1141,274.80
1190,295.76
1197,317.30
1205,296.14
1212,287.81
1227,296.49
1228,260.96
1239,330.79
1241,296.67
1250,271.00
1269,293.70
1297,271.14
1325,272.02
1478,282.86
1511,261.04
1551,301.24
1580,262.86
1595,279.92
1606,276.91
1625,278.27
1649,267.35
1649,272.48
1696,302.55
1706,261.87
1775,286.98
1792,288.02
1832,266.36
1874,309.67
1907,302.52
1911,263.35
1929,273.72
1961,280.70
1992,287.33
1993,280.24
